:rates:
  RUB_TO_RUB: 1.0
  RUB_TO_AUD: 0.02155334992941278
  AUD_TO_RUB: 46.3965
  RUB_TO_AZN: 0.017301606800223537
  AZN_TO_RUB: 57.7981
  RUB_TO_GBP: 0.010940464182014314
  GBP_TO_RUB: 91.4038
  RUB_TO_AMD: 7.920541131370095
  AMD_TO_RUB: 0.126254
  RUB_TO_BYR: 247.25974388835726
  BYR_TO_RUB: 0.0040443300000000005
  RUB_TO_BGN: 0.029901981305281287
  BGN_TO_RUB: 33.4426
  RUB_TO_BRL: 0.051845438379104214
  BRL_TO_RUB: 19.2881
  RUB_TO_HUF: 4.668425106790224
  HUF_TO_RUB: 0.21420500000000003
  RUB_TO_DKK: 0.11393739140342382
  DKK_TO_RUB: 8.77675
  RUB_TO_USD: 0.016483996511986336
  USD_TO_RUB: 60.66490000000001
  RUB_TO_EUR: 0.015261536958864055
  EUR_TO_RUB: 65.5242
  RUB_TO_INR: 1.033464617788613
  INR_TO_RUB: 0.967619
  RUB_TO_KZT: 3.053080863899761
  KZT_TO_RUB: 0.327538
  RUB_TO_CAD: 0.020840714419690307
  CAD_TO_RUB: 47.983000000000004
  RUB_TO_KGS: 1.0149193139145438
  KGS_TO_RUB: 0.9853
  RUB_TO_CNY: 0.10322111821501784
  CNY_TO_RUB: 9.687940000000001
  RUB_TO_MDL: 0.3056131976003252
  MDL_TO_RUB: 3.27211
  RUB_TO_NOK: 0.13185549692381127
  NOK_TO_RUB: 7.584059999999999
  RUB_TO_PLN: 0.06300165064324685
  PLN_TO_RUB: 15.8726
  RUB_TO_RON: 0.06790756422357887
  RON_TO_RUB: 14.7259
  RUB_TO_XDR: 0.011884388667046965
  XDR_TO_RUB: 84.144
  RUB_TO_SGD: 0.022848473493485903
  SGD_TO_RUB: 43.7666
  RUB_TO_TJS: 0.0900933366968179
  TJS_TO_RUB: 11.0996
  RUB_TO_TRY: 0.04309416074121957
  TRY_TO_RUB: 23.204999999999995
  RUB_TO_UZS: 40.76491282423393
  UZS_TO_RUB: 0.024530899999999998
  RUB_TO_UAH: 0.3544063339500003
  UAH_TO_RUB: 2.8216200000000002
  RUB_TO_CZK: 0.4167656485081874
  CZK_TO_RUB: 2.3994299999999997
  RUB_TO_SEK: 0.140330000028066
  SEK_TO_RUB: 7.12606
  RUB_TO_CHF: 0.01637191757721815
  CHF_TO_RUB: 61.08019999999999
  RUB_TO_ZAR: 0.2011955036828837
  ZAR_TO_RUB: 4.97029
  RUB_TO_KRW: 18.509229627353683
  KRW_TO_RUB: 0.05402709999999999
  RUB_TO_JPY: 2.0072582458168737
  JPY_TO_RUB: 0.498192
:updated_from_bank_at: '2015-03-11 15:22:50'
